23784325
23784284
23784338
23784282
23784324
23784329
23784335
23784296
23784297
23784280
23784256
23784254
23784281
23784275
23784289
23784302
23784333
23784315
23784263
23784317
23784277
23784262
23784313
23784328
23784266
23784336
23784340
23784269
23784272
23784300
23784310
23784298
23784283
23784261
23784274
23784295
23784311
23784326
23784322
23784339
23784334
23784312
23784321
23784265
23784276
23784273
23784309
23784292
23784287
23784306
23784323
23784330
23784294
23784255
23784258
23784268
23784299
23784307
23784290
23784288
23784264
23784331
23784316
23784285
23784286
23784303
23784278
23784318
23784332
23784293
23784270
23784337
23784308
23784314
23784260
23784259
23784304
23784279
23784305
23784271
23784327
23784320
23784291
23784301
23784257
23784267
23784319
23784253
23784510
23784465
23784477
23784491
23784514
23784482
23784466
25398860
23784469
23784496
23784503
23784511
23784470
23784486
23784472
23784509
23784495
23784494
23784512
23784487
23784476
23784475
23784464
23784497
23784493
23784506
23784468
23784478
23784474
23784508
23784471
23784485
23784505
23784480
23784488
23784484
23784513
23784498
23784492
23784502
23784479
23784467
23784499
23784507
23784500
23784504
23784473
23784490
23784501
23784489
23784483
23785407
23784803
23785711
23785310
23785879
23785037
23785545
23785035
23785450
23786093
23785265
23786006
23786046
23784842
23785256
23784560
23785040
23785687
23785580
23784565
23785743
23785143
23784748
23785349
23784998
23786008
23785444
23785717
23785565
23785385
23785662
23784708
23784839
23784840
23785131
23785943
23784753
23786096
23785572
23785766
23785122
23784548
23786023
23786038
23784792
23785202
23785647
23785472
23785431
23785130
23785558
23784588
23785916
23784570
23785318
23785125
23784977
23784743
23786014
23785720
23785924
23785209
23785970
23785092
23785160
23784967
23784645
23785560
23784816
23785394
23785881
23785050
23785758
23785107
23785455
23784937
23784990
23785635
23785666
23785298
23786013
23785223
23784576
23785381
23785967
23785481
23785597
23786011
23785835
23784808
23784964
23785643
23785658
23785370
23784777
23784603
23785840
23785974
23785589
23785486
23784791
23785179
23785228
23786072
23784516
23786059
23785819
23785015
23785375
23785067
23785016
23784704
23785625
23785417
23785507
23785680
23785836
23785806
23785782
23784908
23784887
23784660
23784889
23785561
23784974
23785266
23785516
23784982
23785775
23784834
23785287
23784793
23785910
23785025
23785139
23785733
23785278
23785028
23785668
23785439
23785245
23785791
23785833
23784852
23785488
23785902
23785368
23784559
23785928
23785934
23785231
23785213
23786056
23785993
23784953
23785012
23785887
23785588
23785361
23785030
23785413
23785639
23784997
23784806
23785615
23785770
23784975
23785866
23784985
23785963
23785858
23785238
23785295
23784636
23785048
23785566
23785501
23785142
23784769
23785401
23785697
23785243
23785011
23785163
23785291
23785800
23785426
23785549
23785567
23786016
23785815
23785443
23784699
23785683
23784949
23785655
23785013
23784848
23785292
23784719
23785730
23784952
23785767
23784582
23785742
23785911
23784659
23785390
23785132
23785430
23785311
23785399
23785123
23786003
23786101
23785757
23784595
23785404
23785225
23785632
23785408
23785293
23785043
23784882
23784641
23785543
23785948
23785069
23786018
23785462
23785032
23785461
23785255
23784650
23785789
23784865
23785694
23785150
23784819
23784823
23785258
23784989
23785596
23784940
23785547
23784951
23785477
23786094
23784674
23786004
23785725
23784653
23784577
23786001
23786021
23784706
23784878
23785813
23786086
23785933
23785685
23785454
23786098
23784992
23785049
23786097
23785843
23785636
23785000
23786073
23785159
23784530
23785523
23784787
23784594
23785514
23785459
23785872
23785849
23785737
23785154
23785275
23784888
23785611
23785503
23785855
23785965
23785288
23784601
23784891
23785081
23785397
23784861
23785823
23786012
23785995
23784591
23784932
23785051
23785796
23785177
23785519
23784714
23785969
23785229
23785859
23784815
23785769
23785581
25398861
23786075
23785281
23784737
23785719
23785350
23785904
23784836
23786122
23784896
23785374
23785645
23785851
23786166
23786165
23786162
23786160
23786149
23786148
23786146
23786142
23786136
23786129
23786127
23786125
23786124
23786121
23786120
23786113
23786104
23786095
23786089
23786087
23786079
23786078
23786074
23786063
23786055
23786054
23786042
23786039
23786037
23786036
23786034
23786033
23786029
23786026
23786005
23786000
23785997
23785990
23785989
23785988
23785982
23785981
23785972
23785968
23785960
23785959
23785956
23785955
23785954
23785952
23785947
23785945
23785944
23785942
23785941
23785938
23785927
23785921
23785918
23785917
23785915
23785913
23785909
23785906
23785903
23785897
23785890
23785877
23785869
23785864
23785857
23785853
23785847
23785846
23785842
23785832
23785831
23785828
23785824
23785821
23785812
23785808
23785803
23785797
23785793
23785788
23785786
23785774
23785771
23785756
23785747
23785741
23785738
23785731
23785729
23785728
23785727
23785721
23785718
23785712
23785703
23785700
23785696
23785691
23785688
23785674
23785669
23785667
23785657
23785656
23785648
23785638
23785628
23785609
23785606
23785604
23785593
23785576
23785575
23785573
23785571
23785564
23785557
23785555
23785554
23785550
23785539
23785538
23785537
23785533
23785527
23785520
23785518
23785517
23785498
23785497
23785492
23785491
23785484
23785479
23785478
23785469
23785466
23785456
23785453
23785452
23785440
23785437
23785433
23785428
23785425
25398862
23785419
23785418
23785416
23785410
23785405
23785402
23785386
23785382
23785378
23785371
24161013
23785367
23785365
23785364
23785360
23785359
23785356
23785355
23785341
23785338
23785329
23785325
23785321
23785320
23785319
23785317
23785315
23785313
23785302
23785301
23785294
23785290
23785286
23785273
23785272
23785264
25398863
23785257
23785251
23785249
23785247
23785241
23785240
23785237
23785235
23785234
23785233
23785226
23785224
23785216
23785214
23785212
23785200
23785196
23785194
23785189
23785187
23785185
23785182
23785173
23785172
23785166
23785158
23785157
23785156
23785153
23785145
23785136
23785135
23785134
23785128
23785106
23785104
23785099
23785098
23785093
23785089
23785080
23785079
23785076
23785074
23785068
23785066
23785064
23785061
23785059
23785053
23785052
23785045
23785044
23785027
23785022
23785017
23785009
23785005
23785001
23784995
23784994
23784987
23784979
23784976
23784973
23784970
23784968
23784966
23784965
23784956
23784955
23784948
23784945
23784934
23784931
23784924
23784921
23784919
23784915
23784910
23784909
23784899
23784895
23784894
23784881
23784879
23784877
23784867
23784863
23784859
23784857
23784853
23784850
23784844
23784835
23784833
23784829
23784827
24161015
23784822
23784805
23784802
23784801
23784800
23784799
23784798
23784796
23784789
23784788
23784786
23784784
23784783
23784781
23784780
23784779
23784778
23784776
23784775
23784774
23784773
23784772
23784771
23784770
23784768
23784767
23784765
23784764
23784763
23784762
23784758
23784757
23784754
23784751
23784750
23784749
23784746
23784744
23784742
23784741
23784739
23784738
23784732
23784731
23784729
23784727
23784723
23784722
23784721
23784718
23784715
23784705
23784703
23784698
23784697
23784696
23784695
23784694
23784692
23784691
23784688
23784687
23784686
23784685
23784683
23784682
23784681
23784680
23784677
23784676
23784673
23784670
23784669
23784668
23784667
23784666
23784870
23785556
23786015
23785781
23785101
23784914
23785138
25398864
23784957
23784904
23784920
23784658
23785961
23784935
23785926
23785164
23785998
23786088
23785195
23785987
23785891
23785263
23786068
23785644
23784752
23784797
23785343
23785447
23786069
23785411
23785630
23786077
23785795
23785306
23785783
23784873
23786007
23784664
23784657
23784655
23784654
23784652
23784649
23784648
23784643
23784639
23784635
23784633
23784632
23784631
23784627
23784626
23784624
23784623
23784615
23784614
23784612
23784609
23784608
23784607
23784605
23784600
23784593
23784592
23784589
23784586
23784584
23784583
23784581
23784578
23784572
23784569
23784568
23784567
23784566
23784564
23784561
23784558
23784556
23784555
23784552
23784551
23784547
23784546
23784543
23784541
23784539
23784538
23784537
23784535
23784534
23784527
23784525
23784524
23784521
23784520
23784519
23784517
23784794
23784531
23785441
23784807
23785951
23785977
23785873
23785923
23784574
23784747
23784665
23784690
23785036
23784810
23785740
23785660
23785592
23785091
23785095
23785117
23785120
23785332
23785335
23785222
23785086
25398865
23785102
23785661
23784528
23785227
23785121
23785115
23785141
23785147
23785168
23785162
23785284
23785180
23785322
23785312
23785354
23785362
23785088
23785087
23785470
23785018
23785474
23785487
23785508
23785137
23785512
23785698
23785686
23785713
23785148
23785744
23785174
23785193
23785736
23785283
23784629
23785883
23785181
23785363
23784820
23785482
23786130
23784804
23785406
23785494
23785524
23785244
23785078
23785689
23784972
23784962
23786066
23785745
23785715
23785151
23784518
23785191
23785465
23784755
23786071
23785352
23784901
23784616
23784785
23785327
23786107
23784709
23784678
23784812
23784701
23784925
23785038
23784944
23786076
23785383
23785075
23784941
23785100
23785976
23785103
23785217
23784740
23785236
23784619
23786109
23784684
23785308
23785259
23785569
23785344
23784946
23784926
23785809
23785814
23785839
23785188
23785105
23785884
23785971
23785896
23785270
23785994
23785309
23786035
23786048
23786050
23786064
23785346
23785570
23786060
23786106
23786111
23786118
23785792
23786116
23785684
23785400
23785006
23784978
23785935
23785772
23785548
23785480
23785489
23785867
23785577
23785765
23785204
23784621
23785438
23785962
23785358
23785510
23785681
23785277
23784809
23784884
23785629
23785605
23784846
23785042
23785544
23785304
23785207
23784969
23785063
23785198
23785285
23784817
23784876
25398866
25398867
23784963
23785675
23786091
23784733
23785852
23785844
23785586
23784912
23785922
23784599
23784790
23784647
23785372
23785895
23785034
23784900
23785197
23784906
23785885
23785254
23785602
23785950
23785912
23786009
23784536
23785754
23784579
23784898
23785323
23785811
23785749
23785065
23784617
23785046
25398868
23785706
23785613
23784883
23785640
23785403
23785513
23784618
23786082
23785031
23785242
23785822
23784933
23785953
23786032
23784590
23785759
23786126
23786058
23785442
23785992
23785033
23784745
23785300
23785986
23785637
23785892
23785753
23785133
23786092
23786085
23784841
23784938
23785008
23784717
23785641
23785210
23784831
23785830
23785893
23785055
23785664
23784656
23786049
23784710
23786067
23785525
23785818
23784606
23785707
23785522
23785929
23784716
23785663
23784905
23784886
23785964
23785801
23784907
23784602
23785699
23785020
23785907
23784971
23785296
23784671
23785854
23785274
23785039
23784630
23785449
23785799
23785183
23784661
23785246
23785446
23785620
23785271
23785379
23785626
23785389
23785392
23785920
23786027
23785387
23785888
23785337
23785345
23785279
23785269
23785802
23784983
23785677
23785328
23785949
23786131
23785388
23785612
23784736
23785601
23785353
23785931
23785351
23784851
23785937
23785991
23784725
23784843
23785146
23785682
23785129
23785817
23784760
23785768
23785261
23784557
23784874
23785958
23786022
23785616
23785621
23785591
23784916
23784597
23785004
23785692
23785710
25398869
23785083
23785186
23784866
23784646
23785333
23786100
23786152
23785845
23786154
23784999
23785752
23784890
23784712
23785984
23784585
23786117
23786030
23784795
23784838
23784855
23784880
23784917
23784928
23785029
23785047
23785070
23785094
25398870
23785161
23785192
23785206
23785253
23785307
23785340
23785339
23785384
23785546
23785642
23785751
23785908
23785919
23784875
23784911
23784996
23785058
23785178
23785190
23785250
23785336
23785391
23785434
23785563
23785617
23785679
23785708
23785827
23785940
23784818
23784862
23784954
23784981
23785072
23785155
23785215
23785260
23785376
23785458
23785490
23785646
23785672
23785871
23785901
23786025
23784825
23786017
23784991
23785003
23785108
23785208
23785282
23785464
23785536
23785607
23785724
23785755
23785898
23785861
23784856
23784892
23786090
23785010
23785973
23784922
23786040
23786045
23785777
23786115
23784939
23785925
23785118
23785239
23785348
23785415
23785493
23785653
23785726
23786114
23786105
23784942
23785019
23785057
23785297
23785409
23785975
23786135
23786119
23786051
23785834
23784872
23784885
23786070
23786110
23785342
23785568
23785702
23784993
23786141
23786024
23786128
23785882
23786099
23784918
23786080
24161016
23785633
23785096
23786139
23786065
23784811
23785023
23786153
23786150
23784813
23786052
23786158
23786144
23786143
23786145
23785324
23785331
23785784
23785167
23785169
23786157
23786155
23786147
23786167
23785357
23786164
23786159
23786137
23785762
23785280
23785634
23786010
23785716
23785763
23785467
23785862
23785825
23785175
23785838
23785201
23785232
23785690
23785848
23785316
23785475
23786081
23785457
23785199
23785024
23784959
23785780
23785299
23785380
23785085
23785451
23785670
23785421
23784523
23785071
23784830
23785622
23785526
23785776
23785787
23784927
23786083
23784893
23785305
23785790
23784644
23785678
23786047
23784610
23784947
23785112
23784634
23784761
23785314
23784961
23784849
23784845
23785445
23785398
23784902
23785739
23785326
23785221
23785820
23785267
23785750
23785424
23785021
23785007
23785334
23785373
23786134
23785203
23785614
23785673
23785583
23785805
23785041
23785875
23785659
23785170
23784620
23785723
23785113
23785436
23785471
23785878
23786151
23785552
23785412
23785026
23786163
23786161
23786133
23785779
23785289
23785396
23785778
23785460
23785395
23785880
23785732
23785651
23785515
23784766
23785485
23785468
23785946
23785149
23785330
23785807
23785435
23785652
23785983
23785448
23786057
23785676
23785816
23784868
23784950
23785734
23784854
23786053
23785850
23784984
23786138
23785499
23785587
23785785
23785841
23784526
23786031
23785996
23785062
23785171
23784663
23785590
23784828
23784611
23786028
23785899
23785060
25398871
23785097
23785205
23785528
23785978
23785252
23785463
23785722
23785114
23785530
23784943
23785584
23785218
23786044
23785865
23785506
23786132
23786002
23785366
23784821
23785665
23785627
23784986
23785810
23784571
23784869
23785220
23785152
23785966
23786140
23785624
23785377
23786156
23784930
23785414
23786062
23785764
23785939
23784782
23785211
23785483
23786019
23786108
23785863
23785979
23785619
23784532
23784913
23784689
23785826
23785429
23785886
23786084
23784544
23785889
23785427
23785894
23784756
23785905
23784730
23785610
23785432
23785521
23785704
23785268
23786103
23785140
23785914
23785500
23785073
23785608
23784903
23785714
23785144
23785856
23785535
23785868
23785870
23785876
23785551
23784871
23785603
23785423
23785422
23784837
23785303
23785534
23785650
23785705
23785054
23784858
23785248
23785476
23785393
23785084
23785502
23785654
23785649
23785126
23785599
23785900
23785794
23785709
23785230
23785874
23785594
23785837
23785773
23786112
23785111
23785473
23785748
23784960
23785798
23785980
23785276
23785804
23785347
23785985
23784573
23785598
23784929
23784575
23784540
23785582
23784554
23784533
23784545
23784542
23784529
25398872
23784549
23784587
23785579
23784580
23784553
23784637
23784651
23784988
23785623
23784625
23784628
23784613
23785495
23784640
23784642
23784638
23784936
23784596
23785127
23785936
23785578
23785701
23785930
23784923
23785056
23785595
23784958
23785532
23784679
23785511
23784860
23785932
23785829
23785219
23785760
23786041
23785002
23784562
23785671
23784847
23785746
23784824
23786020
23784814
23785077
23784622
23784897
23785574
23785695
23784759
23785176
23786123
23785761
23786061
23784522
23784563
23785110
23785735
23784598
23785999
23784864
23785014
24161018
23785957
23785562
23785531
23785860
23785553
23784662
23785165
23785109
23785116
23784693
23784675
23784672
23785600
23784711
23784728
23784726
23784724
23784735
23784707
23784700
23784702
23784734
23785541
23784713
23784720
23785529
23785509
23785542
23785505
23785504
23785496
23786377
23786408
23786289
23786419
23786372
23786189
23786359
23786195
23786336
23786186
23786281
23786246
23786401
23786398
23786416
23786201
23786358
23786275
23786348
23786313
23786228
23786278
23786378
23786194
23786413
23786277
23786309
23786258
23786379
23786375
23786261
23786198
23786376
23786188
23786282
23786269
23786192
23786294
23786391
23786384
23786177
23786406
23786209
23786368
23786323
23786399
23786389
23786421
23786305
23786196
23786190
23786235
23786256
23786219
23786263
23786292
23786330
23786299
23786422
23786207
23786251
23786170
23786173
23786320
23786227
23786343
23786180
23786262
23786240
23786307
23786400
23786417
23786211
23786303
23786285
23786300
23786315
23786360
23786350
23786239
23786353
23786317
23786182
23786311
23786351
23786265
23786223
23786237
25398873
23786178
23786364
23786259
23786332
23786247
23786291
23786288
23786345
23786418
23786191
23786357
23786212
23786321
23786199
23786248
23786393
23786383
23786337
23786232
23786397
23786381
23786356
23786371
23786319
23786411
23786301
23786374
23786197
23786185
23786226
23786231
23786183
23786296
23786403
23786363
23786410
23786168
23786230
23786266
23786270
23786324
23786352
23786172
23786287
23786316
23786213
23786229
23786280
23786234
23786326
23786308
23786334
23786184
23786252
23786349
23786216
23786380
23786205
23786267
23786169
23786214
23786365
23786329
23786390
23786284
23786339
23786318
23786322
23786187
23786222
23786340
23786283
23786249
23786250
23786333
23786331
23786255
23786382
23786260
23786217
23786407
23786402
23786325
23786302
23786264
23786181
23786328
23786225
23786297
23786210
23786202
23786423
23786268
23786362
23786312
23786286
23786341
23786314
23786279
23786272
23786338
23786366
23786327
23786244
23786335
23786367
23786298
23786175
23786220
23786405
23786295
23786245
23786347
23786241
23786179
23786293
23786238
23786274
23786420
23786208
23786394
23786369
23786361
23786370
23786257
23786355
23786354
23786342
23786310
23786273
23786203
23786387
23786392
23786242
23786373
23786171
23786236
23786176
23786218
23786200
23786386
23786404
23786344
23786414
23786221
23786276
23786243
23786193
23786271
23786224
23786206
23786304
23786215
23786254
23786388
23786385
23786306
23786204
23786409
23786346
23786290
23786412
23786415
23786395
23786253
23786174
23786233
23786704
23786641
23786662
23786577
23786724
23786482
23786571
23786596
23786470
23786722
23786599
23786744
23786681
23786607
23786604
23786474
23786649
23786632
23786751
23786699
23786753
23786468
23786457
23786618
23786637
23786590
23786476
23786568
23786712
23786511
23786583
23786565
23786472
23786573
23786585
23786725
23786684
23786531
23786640
23786555
23786754
23786687
23786664
23786644
23786572
23786650
23786478
23786575
23786492
23786600
23786613
23786547
23786691
23786514
23786734
23786593
23786542
23786660
23786710
23786721
23786634
23786679
23786740
23786719
23786480
23786526
23786638
23786551
23786437
23786513
23786716
23786651
23786670
23786757
23786709
23786516
23786655
23786449
23786530
23786465
23786659
23786658
23786715
23786484
23786450
23786479
23786467
23786646
23786580
23786591
23786603
23786499
23786475
23786503
23786727
23786562
23786648
23786728
23786741
23786497
23786515
23786661
23786708
23786443
23786552
23786652
23786493
23786506
23786490
23786525
23786610
23786682
23786633
23786677
23786742
23786439
23786689
23786598
23786587
23786556
23786750
23786440
23786747
23786748
23786523
23786642
23786611
23786619
23786537
23786544
23786698
23786717
23786697
23786539
23786566
23786731
23786500
23786683
23786692
23786431
23786426
23786487
23786606
23786620
23786534
23786622
23786460
23786723
23786582
23786512
23786612
23786455
23786732
23786718
23786631
23786448
23786656
23786438
23786504
23786481
23786711
23786584
23786621
23786445
23786536
23786733
23786454
23786627
23786435
23786427
23786746
23786720
23786473
23786597
23786624
23786554
23786739
23786494
23786535
23786623
23786657
23786491
23786429
23786458
23786700
23786546
23786701
23786589
23786592
23786671
23786570
23786444
23786432
23786645
23786690
23786430
23786433
23786517
23786519
23786508
23786529
23786462
23786673
23786654
23786745
23786594
23786510
23786666
23786540
23786625
23786643
23786726
23786668
23786578
23786706
23786663
23786707
23786616
23786543
23786456
23786676
23786520
23786428
23786533
23786507
23786576
23786605
23786595
23786488
23786665
23786501
23786636
23786667
23786702
23786567
23786730
23786755
23786527
23786749
23786541
23786630
23786489
23786586
23786703
23786550
23786532
23786672
23786615
23786553
23786713
23786601
23786581
23786647
23786505
23786639
23786528
23786688
23786743
23786680
23786477
23786609
23786674
23786549
23786653
23786563
23786669
23786485
23786626
23786614
23786483
23786695
23786675
23786436
23786560
23786524
23786693
23786459
23786518
23786694
23786579
23786434
23786441
23786466
23786496
23786735
23786608
23786574
23786736
23786705
23786463
23786453
23786502
23786509
23786486
23786424
23786696
23786558
23786588
23786685
23786425
23786522
23786738
23786446
23786469
23786752
23786617
23786569
23786628
23786442
23786557
23786756
23786495
23786545
23786471
23786686
23786635
23786678
23786548
23786629
23786729
23786538
23786564
23786452
23786521
23786461
23786498
23786561
23786714
23786451
23786559
23786602
23786447
23786737
23786464
23786813
23786889
23786805
23786804
23786827
23786760
23786844
23786843
23786872
23786823
23786822
23786846
23786845
23786782
23786809
23786808
23786810
23786850
23786849
23786839
23786838
23786821
23786768
23786767
23786878
23786830
23786829
23786866
23786859
23786858
23786780
23786855
23786854
23786831
23786795
23786794
23786812
23786811
23786800
23786901
23786900
23786897
23786863
23786862
23786828
23786770
23786769
23786793
23786899
23786772
23786771
23786893
23786892
23786894
23786881
23786819
23786786
23786785
23786871
23786870
23786833
23786835
23786834
23786869
23786891
23786890
23786896
23786759
23786758
23786777
23786861
23786860
23786824
23786776
23786775
23786803
23786802
23786791
23786837
23786836
23786832
23786763
23786762
23786895
23786807
23786806
23786766
23786851
23786774
23786773
23786867
23786799
23786840
23786848
23786847
23786882
23786880
23786879
23786868
23786876
23786875
23786761
23786779
23786778
23786883
23786842
23786841
23786887
23786765
23786764
23786886
23786853
23786852
23786796
23786798
23786797
23786814
23786857
23786856
23786781
23786885
23786884
23786820
23786826
23786825
23786801
23786865
23786864
23786873
23786818
23786817
23786874
23786784
23786783
23786888
23786790
23786789
23786898
23786816
23786815
23786788
23786787
23786877
23786792
23787340
23788147
23788146
23787253
23787252
23787251
23787250
23786940
23786939
23787064
23787839
24161020
23787446
23787445
23787397
23787396
23786920
23787477
23787953
23787935
23787934
23787933
23788048
23788047
23788046
23788045
23787670
23787669
23787668
23787307
23787306
23787305
23787219
23787218
23787217
23787216
23788173
23788172
23788171
23787652
23787651
23787650
23787649
23787169
23787168
23787167
23787579
23787578
23787577
23787576
23787700
23787699
23787698
23787697
23787696
23787695
23787694
23787373
23787372
23787371
23787782
23787781
23787780
23787779
23787485
23787484
23787483
23787005
23788166
23788123
23787035
23787034
23787472
23787407
23787884
23787444
23788181
23788180
23788179
23788178
23787179
23787178
23787177
23787772
23787771
23787770
23787439
23787438
23787437
23787436
23786975
23786974
23786973
23787022
23786946
23786945
23787107
23787106
23787105
23787104
23787227
23787226
23787225
23787754
23787753
23787752
23787133
23787132
23787131
25398874
23787319
23787476
23787461
23787460
23787459
23787200
23787199
23787198
23787197
23787542
23787541
23787540
23788053
23788052
23788051
23788050
23787554
23787553
23787552
23788127
23788126
23788125
23788124
23787262
23787261
23787260
23787609
23787608
23787607
23787606
23787289
23787288
23787287
23786912
23786911
23786910
23786909
23787814
23788152
23788151
23788027
23788026
23788025
23787976
23787975
23787974
23787514
23787513
23787512
23787511
23787831
23787830
23787829
23787089
23787088
23787087
23787415
23787414
23787413
23787412
23787176
23787175
23787174
23787419
23787418
23787417
23787416
23787973
23787972
23787971
23787154
23787153
23787152
23787151
23787030
23787029
23787028
23786993
23786992
23786991
23788119
23788118
23788117
23787230
25398875
23787228
23788141
23787510
23787509
23787508
23786934
23786933
23786932
23786931
23786926
23786925
23786924
23787633
23787632
23787631
23787630
23787706
23787705
23787704
23787503
23787502
23787501
23787500
23787926
23787925
23787924
23787453
23787452
23787451
23787450
23788003
23788002
23788001
23787079
23787078
23787077
23787076
23787887
23787886
23787885
23787853
23787852
23787733
23787824
23787823
23787822
23787821
23787586
23787585
23787584
23787257
23787256
23787255
23787254
23787956
23787955
23787954
23787682
23787681
23787680
23787866
23787865
23787864
23787863
23787667
23787666
23787665
23788145
23788144
23788143
23788142
23787196
23787280
23787279
23787278
23787277
23787016
23787015
23787014
23787713
23787712
23787711
23787994
23787993
23787992
23787991
23788034
23788033
23788032
23787495
23787494
23787493
23787314
23787313
23787312
23787311
23786905
23786904
23786903
23787431
23787430
23787429
23787428
23787471
23787470
23787469
23787743
23787742
23787741
23787740
23787944
23787943
23787942
23787245
23787244
23787243
23787242
23787008
23787007
23787006
23787489
23787748
23787166
23787482
23787481
23788049
23787283
23787282
23787281
23787072
23787071
23787070
23787069
23787192
23787191
23787190
23787813
23787812
23787811
23787810
23787890
23787889
23787888
23787059
23787058
23787057
23787056
23787903
23787902
23787901
23788007
23788006
23788005
23788004
23787920
23787919
23787918
23787679
23787678
23787677
23787101
23787100
23787099
23786979
23786978
23786977
23786976
23787146
23787145
23787144
23787765
23787764
23787763
23787762
23787778
23787777
23787776
23787427
23787426
23787065
23787998
23787997
23787996
23787995
23787055
23787054
23787374
23787533
23787532
23787531
23787103
23787102
23788186
23788185
23788184
23786950
23786949
23786948
23786947
23788066
23788065
23788064
23787626
23787625
23787624
23787717
23787716
23787715
23787714
23788040
23788039
23788038
23787572
23787571
23787570
23787561
23787560
23787559
23787558
23787673
23787672
23787671
23788122
23788121
23788120
23787273
23787272
23787271
23787270
23787653
23787566
23787756
23787755
23787004
23787086
23787085
23787084
23786969
23786968
23786967
23788129
23788128
23787325
23786919
23786918
23786917
23786916
23788058
23788057
23788056
23787310
23787309
23787308
23787517
23787516
23787515
23787385
23787384
23787383
23787382
23787023
23787403
23787551
23787318
23787317
23787316
23786972
23786971
23786970
23787837
23787836
23787835
23787862
24161021
23787370
23787369
23788112
23788111
23788110
23788109
23787799
23787798
23787797
23787910
23787909
23787908
23787907
23787000
23786999
23786998
23787623
23787622
23787621
23787620
23787050
23787049
23787048
23787269
23787268
23787267
23787880
23787879
23787878
23787877
23787990
23787989
23787988
23788014
23788013
23788012
23788011
23787480
23787479
23787478
23788018
23788017
23788016
23788015
23787037
23787036
23786938
23786937
23786936
23786935
23787685
23787684
23787683
23787536
23787535
23787534
23787860
23787859
23787858
23787857
23787520
23787519
23787518
23787967
23787966
23787965
23787964
23787932
23787931
23787930
23787761
23787760
23787290
23787068
23787067
23787066
23787063
23787062
23787061
23787060
23788069
23788068
23788067
23787165
23787164
23787163
23787162
23787136
23787135
23787134
23787040
23787039
23787038
23787046
23787045
23787044
23788159
23788158
23788157
23788156
23787759
23787758
23787757
23787207
23787206
23787205
23787204
23787377
23787376
23787375
23788188
23788187
23788054
23787345
23787344
23787321
23787117
23787116
23787115
23787914
23787913
23787912
23787911
25398876
23788182
23787984
23787775
23787774
23787773
23787613
23787612
23787611
23787610
23787203
23787202
23787201
23787843
23787234
23787233
23787224
23787223
23787222
23787546
23787545
23787544
23787543
23787896
23787895
23787894
23787661
23787660
23787659
23787658
23787850
23787849
23787848
23788106
23788105
23788104
23787657
23787656
23787655
23787654
23786966
23786965
23786964
23787249
23788100
23788099
23787047
23787458
23787457
23787011
23787010
23787009
23787806
23787805
23787804
23787422
23787421
23787420
23787959
23787958
23787957
23787870
23787869
23787868
23787867
23786923
23786922
23786921
23787564
23787563
23787562
23787158
23787157
23787156
23787155
23788024
23788023
23787332
23787331
23787330
23787329
23787523
23787522
23787521
23787195
23787194
23787193
23787739
23787738
23787737
23786963
23786962
23786961
23786960
23786915
23786914
23786913
23787367
23787366
23787365
23787364
23787348
23787347
23787346
23787786
23787785
23787784
23787783
23788000
23787999
23787266
23787265
23787264
23787263
23787381
23787380
23787379
23787747
23787746
23787745
23787744
23787082
23787081
23787080
23788098
23788097
23788096
23787295
23787294
23787180
23787550
23787549
23787548
23787547
23787557
23787556
23787555
23788037
23788036
23788035
23787123
23787122
23787121
23787120
23787276
23787275
23787274
24161022
23787349
23787363
23787883
23787882
23787881
23787809
23787808
23787807
23787635
24161023
23787209
23787208
23787948
23787947
23787946
23787945
23787475
23787474
23787473
23787983
23787982
23787981
23787215
23787214
23787213
23787303
23787302
23787395
23788095
23788094
23788093
23787710
23787709
23787708
23787707
23787619
23787618
23787617
23787846
23787845
23787844
23786985
23786984
23786983
23787392
23787391
23787390
23787389
23788150
23788149
23788148
23787693
23787692
23787691
23787690
23787019
23787018
23787017
23787339
23787338
23787337
23787492
23787491
23787490
23788165
23787726
23787725
23787464
23787463
23787462
23787834
23787833
23787832
23787676
23787675
23787674
23787130
23787129
23787128
23787127
23787792
23787791
23787790
23787900
23787899
23787898
23787897
23787724
23787723
23787722
23787402
23787401
23787400
23787092
23787091
23787090
23787856
23787855
23787854
23787583
23787582
23787581
23787580
23787594
23787593
23787592
23786997
23786996
23786995
23786994
23787406
23787405
23787404
23787629
23787628
23787627
23787241
23787240
23787239
23787238
23788132
23788131
23788130
23788074
23788073
23788072
23786959
23786958
23786957
23786956
23787847
23786990
23786989
23787183
23787182
23787181
23787114
23787113
23787112
23787769
23787768
23787767
23787766
23787873
23787872
25398877
23787963
23788060
23788059
23788177
23788176
23788175
23788174
23787569
23787568
23787567
23787150
23787149
23787148
23787147
23787488
23787487
23787486
23787645
23787644
23787643
23788136
23788135
23788134
23788133
23787221
23787220
23787259
23787258
23787333
23788116
23788115
23788114
23788113
23787575
23787574
23787573
23786927
23787689
23787688
23787906
23787905
23787904
23787987
23787986
23787985
23787796
23787795
23787794
23787793
23787328
23787327
23787326
23787425
23787424
23787423
23786982
23786981
23786980
23787212
23787211
23787210
23787043
23787042
23787041
23787411
23787410
23787409
23787408
23787293
23787292
23787291
23787598
23787597
23787596
23787595
23787119
23787118
23787435
23787434
23787433
23787432
23787736
23787735
23787734
23787111
23787110
23787109
23787108
23787161
23787160
23787159
23787648
23787647
23787646
23787456
23787455
23787454
23787893
23787892
23787891
23788082
23788081
23788080
23788079
23787301
23787300
23787299
23787095
23787094
23787093
23787530
23787529
23787528
23787527
23787962
23787961
23787960
24161024
23787075
23787074
23787073
23787388
23787387
23787386
23787507
23787506
23787505
23787504
23787449
23787448
23787447
23787828
23787827
23787826
23787825
23787324
23787323
23787322
23787923
23787922
23787921
23787027
23787026
23787025
23787024
23787642
23787641
23787640
23787286
23787285
23787284
23787588
23787587
23788022
23788021
23788020
23788019
23787357
23787356
23787355
23786930
23786929
23786928
23787189
23787188
23787187
23787186
23788063
23788062
23788061
23787591
23787590
23787589
23787687
23787686
23787315
23787003
23787002
23787001
23788092
23788091
23788090
23788089
23787083
23786902
23787143
23787142
23787141
23787140
24161025
25398878
24161026
23786955
23786954
23787802
23787801
23787800
23788155
23788154
23788153
23787033
23787032
23787031
23788140
23788139
23788138
23788137
23787941
23787940
23787939
23787929
23787928
23787927
23787639
23787638
23787637
23787636
23787248
23787247
23787246
23787817
23787816
23787815
23787468
23787467
23787466
23787465
23787664
23787663
23787662
23787729
23787728
23787727
23787362
23787361
23787360
23787173
23787172
23787171
23787170
23787053
23787052
23787051
23787539
23787538
23787537
23787499
23787498
23787497
23787496
23787394
23787393
23788170
23788169
23788168
23788167
23786953
23786952
23786951
23787098
23787097
23787096
23787751
23787750
24161027
23788107
23787820
23787819
23787818
23787378
23787977
23788103
23788102
23788101
23788031
23788030
23788029
23788028
23786908
23786907
23786906
23788085
23788084
23788083
23788010
23788009
23787237
23787236
23787235
23787343
23787342
23787341
23787021
23787020
23787970
23787969
23787968
23787359
23787358
23788055
23787185
23787304
23788164
23788163
23788044
23788043
23788042
23788041
23787703
23787702
23787701
23787013
23787012
23788078
23788077
23788076
23788075
23787139
23787138
23787137
23787126
23787125
23787124
23787842
23787841
23787840
23788071
23788070
25398879
23788088
23788087
23788086
23787354
23787353
23787352
23787351
23787938
23787937
23787936
23787616
23787615
23787614
23787601
23787600
23787599
23786988
23786987
23786986
25398880
23787231
23787789
23787788
23787787
23787443
23787442
23787441
23787440
23787980
23787979
23787978
23787876
23787875
23787874
23787851
23787298
23787297
23787296
23787605
23787604
23787603
23787602
23787917
23787916
23787915
23787399
23787398
23786944
23786943
23786942
23786941
23788162
23788161
23788160
23787336
23787335
23787334
23787721
23787720
23787719
23787718
23787526
23787525
23787524
23787732
23787731
23787730
23787952
23787951
23787950
23787949
23788218
23788214
23788213
23788212
23788211
23788210
23788209
23788208
23788207
23788206
23788205
25398881
23788274
23788273
23788272
23788271
23788270
23788269
23788268
23788204
23788203
23788202
23788201
23788200
23788199
23788198
23788197
23788196
23788237
23788236
23788235
23788234
23788233
23788191
23788190
23788189
23788256
23788255
23788254
23788253
23788252
23788251
23788250
23788243
23788242
23788241
23788240
23788239
23788238
23788223
23788222
23788195
23788194
23788193
23788192
23788281
23788280
23788279
23788278
23788277
23788276
23788262
23788261
23788260
23788259
23788258
23788257
23788287
23788286
23788285
23788284
23788283
23788282
23788226
23788225
23788224
23788217
23788216
23788215
23788232
23788231
23788230
23788229
23788228
23788227
23788249
23788248
23788247
23788246
23788245
23788244
23788267
23788266
23788265
23788264
23788263
23788220
23788219
23788288
23788290
25398882
23788309
23788301
23788300
23788296
25398883
23788294
23788299
23788298
23788297
23788308
23788307
23788306
23788305
23788304
23788303
23788302
23788311
23788310
23788293
23788292
23788291
23784463
23784462
23784461
23784460
23784459
23784458
23784457
23784456
23784455
23784454
23784453
23784452
23784451
23784450
23784449
23784448
23784447
23784446
23784445
23784444
23784443
23784442
23784441
23784440
23784439
23784438
23784437
23784436
23784435
23784434
23784433
23784432
23784431
23784430
23784429
23784428
23784427
23784426
23784425
23784424
23784423
23784422
23784421
23784420
23784419
23784418
23784417
23784416
23784415
23784414
23784413
23784412
23784411
23784410
23784409
23784408
23784407
23784406
23784405
23784404
23784403
23784402
23784401
23784400
23784399
23784398
23784397
23784396
23784395
23784394
23784393
23784392
23784391
23784390
23784389
23784388
23784387
23784386
23784385
23784384
23784383
23784382
23784381
23784380
23784379
23784378
23784377
23784376
23784375
23784374
23784373
23784372
23784371
23784370
23784369
23784368
23784367
23784366
23784365
23784364
23784363
23784362
23784361
23784360
23784359
23784358
23784357
23784356
23784355
23784354
23784353
23784352
23784351
23784350
23784349
23784348
23784347
23784346
23784345
23784344
23784343
23784342
23784341
